'box2d_fault_range_properties.txt' region data recorded up to time, t = 8.64e+06 seconds.
groupname 	 volume 	 surface area 
All Elements	3944.8	16000
BOTTOM	nan	200
FAULT	4.8	240
LEFT	nan	80
Model	3944.8	16000
RESERVOIR	3940	15760
RIGHT	nan	80
TOP	nan	200

Integrated values of properties: 

saturation oil
 time	(1)All Elements	(1)BOTTOM	(1)FAULT	(1)LEFT	(1)Model	(1)RESERVOIR	(1)RIGHT	(1)TOP	
0	nan	nan	4.32	nan	3517.13	3512.81	nan	nan	
86400	nan	nan	4.32	nan	3473.9	3469.58	nan	nan	
172800	nan	nan	4.32	nan	3437.89	3433.57	nan	nan	
259200	nan	nan	4.32	nan	3403.58	3399.26	nan	nan	
345600	nan	nan	4.32	nan	3368.98	3364.66	nan	nan	
432000	nan	nan	4.32	nan	3335.1	3330.78	nan	nan	
518400	nan	nan	4.32	nan	3301.05	3296.73	nan	nan	
604800	nan	nan	4.32	nan	3266.85	3262.53	nan	nan	
691200	nan	nan	4.32	nan	3231.81	3227.49	nan	nan	
777600	nan	nan	4.32	nan	3197.88	3193.56	nan	nan	
864000	nan	nan	4.32	nan	3163.57	3159.25	nan	nan	
950400	nan	nan	4.32	nan	3129.75	3125.43	nan	nan	
1.0368e+06	nan	nan	4.32	nan	3096.5	3092.18	nan	nan	
1.1232e+06	nan	nan	4.32	nan	3063.82	3059.5	nan	nan	
1.2096e+06	nan	nan	4.32	nan	3031.66	3027.34	nan	nan	
1.296e+06	nan	nan	4.32	nan	2999.27	2994.95	nan	nan	
1.3824e+06	nan	nan	4.32	nan	2967.22	2962.9	nan	nan	
1.4688e+06	nan	nan	4.32	nan	2935.09	2930.77	nan	nan	
1.5552e+06	nan	nan	4.32	nan	2903.13	2898.81	nan	nan	
1.6416e+06	nan	nan	4.32	nan	2870.88	2866.56	nan	nan	
1.728e+06	nan	nan	4.32	nan	2839.3	2834.98	nan	nan	
1.8144e+06	nan	nan	4.32	nan	2807.77	2803.45	nan	nan	
1.9008e+06	nan	nan	4.32	nan	2776.82	2772.5	nan	nan	
1.9872e+06	nan	nan	4.32	nan	2746.69	2742.37	nan	nan	
2.0736e+06	nan	nan	4.32	nan	2716.31	2711.99	nan	nan	
2.16e+06	nan	nan	4.32	nan	2686.89	2682.57	nan	nan	
2.2464e+06	nan	nan	4.32	nan	2656.56	2652.24	nan	nan	
2.3328e+06	nan	nan	4.32	nan	2627.1	2622.78	nan	nan	
2.4192e+06	nan	nan	4.32	nan	2597.04	2592.72	nan	nan	
2.5056e+06	nan	nan	4.32	nan	2567.46	2563.14	nan	nan	
2.592e+06	nan	nan	4.32	nan	2537.37	2533.05	nan	nan	
2.6784e+06	nan	nan	4.32	nan	2508.25	2503.93	nan	nan	
2.7648e+06	nan	nan	4.32	nan	2478.97	2474.65	nan	nan	
2.8512e+06	nan	nan	4.32	nan	2450.29	2445.97	nan	nan	
2.9376e+06	nan	nan	4.32	nan	2421.38	2417.06	nan	nan	
3.024e+06	nan	nan	4.32	nan	2392.75	2388.43	nan	nan	
3.1104e+06	nan	nan	4.32	nan	2363.67	2359.35	nan	nan	
3.1968e+06	nan	nan	4.32	nan	2335.12	2330.8	nan	nan	
3.2832e+06	nan	nan	4.32	nan	2306.15	2301.83	nan	nan	
3.3696e+06	nan	nan	4.32	nan	2278.19	2273.87	nan	nan	
3.456e+06	nan	nan	4.32	nan	2249.86	2245.54	nan	nan	
3.5424e+06	nan	nan	4.32	nan	2222.01	2217.69	nan	nan	
3.6288e+06	nan	nan	4.32	nan	2193.89	2189.57	nan	nan	
3.7152e+06	nan	nan	4.32	nan	2166.51	2162.19	nan	nan	
3.8016e+06	nan	nan	4.31997	nan	2139.52	2135.2	nan	nan	
3.888e+06	nan	nan	4.31953	nan	2113.83	2109.51	nan	nan	
3.9744e+06	nan	nan	4.31314	nan	2089.35	2085.04	nan	nan	
4.0608e+06	nan	nan	4.28114	nan	2067.44	2063.16	nan	nan	
4.1472e+06	nan	nan	4.23291	nan	2047.53	2043.29	nan	nan	
4.2336e+06	nan	nan	4.17429	nan	2029.07	2024.89	nan	nan	
4.32e+06	nan	nan	4.11413	nan	2011.2	2007.09	nan	nan	
4.4064e+06	nan	nan	4.0584	nan	1993.89	1989.83	nan	nan	
4.4928e+06	nan	nan	4.00924	nan	1976.58	1972.57	nan	nan	
4.5792e+06	nan	nan	3.95818	nan	1958.15	1954.19	nan	nan	
4.6656e+06	nan	nan	3.90589	nan	1938.95	1935.05	nan	nan	
4.752e+06	nan	nan	3.85651	nan	1918.83	1914.98	nan	nan	
4.8384e+06	nan	nan	3.81109	nan	1898.19	1894.38	nan	nan	
4.9248e+06	nan	nan	3.77702	nan	1877.24	1873.46	nan	nan	
5.0112e+06	nan	nan	3.73852	nan	1854.67	1850.94	nan	nan	
5.0976e+06	nan	nan	3.69742	nan	1832.15	1828.45	nan	nan	
5.184e+06	nan	nan	3.66136	nan	1809.15	1805.49	nan	nan	
5.2704e+06	nan	nan	3.63576	nan	1785.79	1782.16	nan	nan	
5.3568e+06	nan	nan	3.60189	nan	1762.05	1758.44	nan	nan	
5.4432e+06	nan	nan	3.57342	nan	1737.99	1734.42	nan	nan	
5.5296e+06	nan	nan	3.54335	nan	1713.66	1710.12	nan	nan	
5.616e+06	nan	nan	3.50994	nan	1688.63	1685.12	nan	nan	
5.7024e+06	nan	nan	3.48229	nan	1663.88	1660.4	nan	nan	
5.7888e+06	nan	nan	3.45939	nan	1639.47	1636.01	nan	nan	
5.8752e+06	nan	nan	3.43755	nan	1614.25	1610.81	nan	nan	
5.9616e+06	nan	nan	3.41479	nan	1588.79	1585.38	nan	nan	
6.048e+06	nan	nan	3.39728	nan	1563.56	1560.16	nan	nan	
6.1344e+06	nan	nan	3.38445	nan	1538.55	1535.17	nan	nan	
6.2208e+06	nan	nan	3.37451	nan	1513.45	1510.07	nan	nan	
6.3072e+06	nan	nan	3.3661	nan	1488.71	1485.34	nan	nan	
6.3936e+06	nan	nan	3.35841	nan	1464	1460.64	nan	nan	
6.48e+06	nan	nan	3.3511	nan	1439.53	1436.18	nan	nan	
6.5664e+06	nan	nan	3.34405	nan	1415.65	1412.3	nan	nan	
6.6528e+06	nan	nan	3.33726	nan	1391.88	1388.54	nan	nan	
6.7392e+06	nan	nan	3.33078	nan	1367.82	1364.49	nan	nan	
6.8256e+06	nan	nan	3.32466	nan	1344.41	1341.09	nan	nan	
6.912e+06	nan	nan	3.31887	nan	1321.04	1317.72	nan	nan	
6.9984e+06	nan	nan	3.31342	nan	1297.65	1294.34	nan	nan	
7.0848e+06	nan	nan	3.30826	nan	1274.83	1271.53	nan	nan	
7.1712e+06	nan	nan	3.30334	nan	1251.56	1248.26	nan	nan	
7.2576e+06	nan	nan	3.29863	nan	1228.47	1225.18	nan	nan	
7.344e+06	nan	nan	3.29411	nan	1205.96	1202.67	nan	nan	
7.4304e+06	nan	nan	3.28974	nan	1182.98	1179.69	nan	nan	
7.5168e+06	nan	nan	3.28551	nan	1160.76	1157.48	nan	nan	
7.6032e+06	nan	nan	3.2814	nan	1138.15	1134.87	nan	nan	
7.6896e+06	nan	nan	3.2774	nan	1115.64	1112.36	nan	nan	
7.776e+06	nan	nan	3.27349	nan	1093.41	1090.13	nan	nan	
7.8624e+06	nan	nan	3.26967	nan	1071.18	1067.91	nan	nan	
7.9488e+06	nan	nan	3.26593	nan	1049.32	1046.05	nan	nan	
8.0352e+06	nan	nan	3.26226	nan	1027.06	1023.8	nan	nan	
8.1216e+06	nan	nan	3.25865	nan	1005.1	1001.84	nan	nan	
8.208e+06	nan	nan	3.25511	nan	983.084	979.829	nan	nan	
8.2944e+06	nan	nan	3.25162	nan	960.922	957.67	nan	nan	
8.3808e+06	nan	nan	3.24819	nan	939.272	936.024	nan	nan	
8.4672e+06	nan	nan	3.24481	nan	917.439	914.194	nan	nan	
8.5536e+06	nan	nan	3.24147	nan	895.433	892.191	nan	nan	
8.64e+06	nan	nan	3.23818	nan	873.367	870.128	nan	nan	


Value ranges of properties: 

total mobility
 time		All Elements		BOTTOM		FAULT		LEFT		Model		RESERVOIR		RIGHT		TOP		
0	1.58531e-14	1.58531e-09	nan	nan	1.58531e-14	1.58531e-14	nan	nan	1.58531e-14	1.58531e-09	3.51077e-10	1.58531e-09	nan	nan	nan	nan	
86400	1.58531e-14	1.58531e-09	nan	nan	1.58531e-14	1.58531e-14	nan	nan	1.58531e-14	1.58531e-09	3.48808e-10	1.58531e-09	nan	nan	nan	nan	
172800	1.58531e-14	1.58531e-09	nan	nan	1.58531e-14	1.58531e-14	nan	nan	1.58531e-14	1.58531e-09	3.30708e-10	1.58531e-09	nan	nan	nan	nan	
259200	1.58531e-14	1.58531e-09	nan	nan	1.58531e-14	1.58531e-14	nan	nan	1.58531e-14	1.58531e-09	3.3176e-10	1.58531e-09	nan	nan	nan	nan	
345600	1.58531e-14	1.58531e-09	nan	nan	1.58531e-14	1.58531e-14	nan	nan	1.58531e-14	1.58531e-09	3.30653e-10	1.58531e-09	nan	nan	nan	nan	
432000	1.58531e-14	1.58531e-09	nan	nan	1.58531e-14	1.58531e-14	nan	nan	1.58531e-14	1.58531e-09	3.30677e-10	1.58531e-09	nan	nan	nan	nan	
518400	1.58531e-14	1.58531e-09	nan	nan	1.58531e-14	1.58531e-14	nan	nan	1.58531e-14	1.58531e-09	3.31494e-10	1.58531e-09	nan	nan	nan	nan	
604800	1.58531e-14	1.58531e-09	nan	nan	1.58531e-14	1.58531e-14	nan	nan	1.58531e-14	1.58531e-09	3.31052e-10	1.58531e-09	nan	nan	nan	nan	
691200	1.58531e-14	1.58531e-09	nan	nan	1.58531e-14	1.58531e-14	nan	nan	1.58531e-14	1.58531e-09	3.30722e-10	1.58531e-09	nan	nan	nan	nan	
777600	1.58531e-14	1.58531e-09	nan	nan	1.58531e-14	1.58531e-14	nan	nan	1.58531e-14	1.58531e-09	3.30663e-10	1.58531e-09	nan	nan	nan	nan	
864000	1.58531e-14	1.58531e-09	nan	nan	1.58531e-14	1.58531e-14	nan	nan	1.58531e-14	1.58531e-09	3.31438e-10	1.58531e-09	nan	nan	nan	nan	
950400	1.58531e-14	1.58531e-09	nan	nan	1.58531e-14	1.58531e-14	nan	nan	1.58531e-14	1.58531e-09	3.3062e-10	1.58531e-09	nan	nan	nan	nan	
1.0368e+06	1.58531e-14	1.58531e-09	nan	nan	1.58531e-14	1.58531e-14	nan	nan	1.58531e-14	1.58531e-09	3.31709e-10	1.58531e-09	nan	nan	nan	nan	
1.1232e+06	1.58531e-14	1.58531e-09	nan	nan	1.58531e-14	1.58531e-14	nan	nan	1.58531e-14	1.58531e-09	3.30742e-10	1.58531e-09	nan	nan	nan	nan	
1.2096e+06	1.58531e-14	1.58531e-09	nan	nan	1.58531e-14	1.58531e-14	nan	nan	1.58531e-14	1.58531e-09	3.30622e-10	1.58531e-09	nan	nan	nan	nan	
1.296e+06	1.58531e-14	1.58531e-09	nan	nan	1.58531e-14	1.58531e-14	nan	nan	1.58531e-14	1.58531e-09	3.30653e-10	1.58531e-09	nan	nan	nan	nan	
1.3824e+06	1.58531e-14	1.58531e-09	nan	nan	1.58531e-14	1.58531e-14	nan	nan	1.58531e-14	1.58531e-09	3.30623e-10	1.58531e-09	nan	nan	nan	nan	
1.4688e+06	1.58531e-14	1.58531e-09	nan	nan	1.58531e-14	1.58531e-14	nan	nan	1.58531e-14	1.58531e-09	3.31711e-10	1.58531e-09	nan	nan	nan	nan	
1.5552e+06	1.58531e-14	1.58531e-09	nan	nan	1.58531e-14	1.58531e-14	nan	nan	1.58531e-14	1.58531e-09	3.30748e-10	1.58531e-09	nan	nan	nan	nan	
1.6416e+06	1.58531e-14	1.58531e-09	nan	nan	1.58531e-14	1.58531e-14	nan	nan	1.58531e-14	1.58531e-09	3.30662e-10	1.58531e-09	nan	nan	nan	nan	
1.728e+06	1.58531e-14	1.58531e-09	nan	nan	1.58531e-14	1.58531e-14	nan	nan	1.58531e-14	1.58531e-09	3.30827e-10	1.58531e-09	nan	nan	nan	nan	
1.8144e+06	1.58531e-14	1.58531e-09	nan	nan	1.58531e-14	1.58531e-14	nan	nan	1.58531e-14	1.58531e-09	3.3066e-10	1.58531e-09	nan	nan	nan	nan	
1.9008e+06	1.58531e-14	1.58531e-09	nan	nan	1.58531e-14	1.58531e-14	nan	nan	1.58531e-14	1.58531e-09	3.30609e-10	1.58531e-09	nan	nan	nan	nan	
1.9872e+06	1.58531e-14	1.58531e-09	nan	nan	1.58531e-14	1.58531e-14	nan	nan	1.58531e-14	1.58531e-09	3.31135e-10	1.58531e-09	nan	nan	nan	nan	
2.0736e+06	1.58531e-14	1.58531e-09	nan	nan	1.58531e-14	1.58531e-14	nan	nan	1.58531e-14	1.58531e-09	3.30616e-10	1.58531e-09	nan	nan	nan	nan	
2.16e+06	1.58531e-14	1.58531e-09	nan	nan	1.58531e-14	1.58531e-14	nan	nan	1.58531e-14	1.58531e-09	3.30712e-10	1.58531e-09	nan	nan	nan	nan	
2.2464e+06	1.58531e-14	1.58531e-09	nan	nan	1.58531e-14	1.58531e-14	nan	nan	1.58531e-14	1.58531e-09	3.30615e-10	1.58531e-09	nan	nan	nan	nan	
2.3328e+06	1.58531e-14	1.58531e-09	nan	nan	1.58531e-14	1.58531e-14	nan	nan	1.58531e-14	1.58531e-09	3.30647e-10	1.58531e-09	nan	nan	nan	nan	
2.4192e+06	1.58531e-14	1.58531e-09	nan	nan	1.58531e-14	1.58531e-14	nan	nan	1.58531e-14	1.58531e-09	3.30766e-10	1.58531e-09	nan	nan	nan	nan	
2.5056e+06	1.58531e-14	1.58531e-09	nan	nan	1.58531e-14	1.58531e-14	nan	nan	1.58531e-14	1.58531e-09	3.30625e-10	1.58531e-09	nan	nan	nan	nan	
2.592e+06	1.58531e-14	1.58531e-09	nan	nan	1.58531e-14	1.58531e-14	nan	nan	1.58531e-14	1.58531e-09	3.30832e-10	1.58531e-09	nan	nan	nan	nan	
2.6784e+06	1.58531e-14	1.58531e-09	nan	nan	1.58531e-14	1.58531e-14	nan	nan	1.58531e-14	1.58531e-09	3.30644e-10	1.58531e-09	nan	nan	nan	nan	
2.7648e+06	1.58531e-14	1.58531e-09	nan	nan	1.58531e-14	1.58531e-14	nan	nan	1.58531e-14	1.58531e-09	3.30634e-10	1.58531e-09	nan	nan	nan	nan	
2.8512e+06	1.58531e-14	1.58531e-09	nan	nan	1.58531e-14	1.58531e-14	nan	nan	1.58531e-14	1.58531e-09	3.30689e-10	1.58531e-09	nan	nan	nan	nan	
2.9376e+06	1.58531e-14	1.58531e-09	nan	nan	1.58531e-14	1.58531e-14	nan	nan	1.58531e-14	1.58531e-09	3.3063e-10	1.58531e-09	nan	nan	nan	nan	
3.024e+06	1.58531e-14	1.58531e-09	nan	nan	1.58531e-14	1.58531e-14	nan	nan	1.58531e-14	1.58531e-09	3.30617e-10	1.58531e-09	nan	nan	nan	nan	
3.1104e+06	1.58531e-14	1.58531e-09	nan	nan	1.58531e-14	1.58531e-14	nan	nan	1.58531e-14	1.58531e-09	3.30634e-10	1.58531e-09	nan	nan	nan	nan	
3.1968e+06	1.58531e-14	1.58531e-09	nan	nan	1.58531e-14	1.58531e-14	nan	nan	1.58531e-14	1.58531e-09	3.30621e-10	1.58531e-09	nan	nan	nan	nan	
3.2832e+06	1.58531e-14	1.58531e-09	nan	nan	1.58531e-14	1.58531e-14	nan	nan	1.58531e-14	1.58531e-09	3.30677e-10	1.58531e-09	nan	nan	nan	nan	
3.3696e+06	1.58531e-14	1.58531e-09	nan	nan	1.58531e-14	1.58531e-14	nan	nan	1.58531e-14	1.58531e-09	3.30646e-10	1.58531e-09	nan	nan	nan	nan	
3.456e+06	1.58531e-14	1.58531e-09	nan	nan	1.58531e-14	1.58531e-14	nan	nan	1.58531e-14	1.58531e-09	3.3061e-10	1.58531e-09	nan	nan	nan	nan	
3.5424e+06	1.58531e-14	1.58531e-09	nan	nan	1.58531e-14	1.58531e-14	nan	nan	1.58531e-14	1.58531e-09	3.30611e-10	1.58531e-09	nan	nan	nan	nan	
3.6288e+06	1.5853e-14	1.58531e-09	nan	nan	1.5853e-14	1.58531e-14	nan	nan	1.5853e-14	1.58531e-09	3.30612e-10	1.58531e-09	nan	nan	nan	nan	
3.7152e+06	1.5852e-14	1.58531e-09	nan	nan	1.5852e-14	1.58531e-14	nan	nan	1.5852e-14	1.58531e-09	3.3061e-10	1.58531e-09	nan	nan	nan	nan	
3.8016e+06	1.58389e-14	1.58531e-09	nan	nan	1.58389e-14	1.58531e-14	nan	nan	1.58389e-14	1.58531e-09	3.31822e-10	1.58531e-09	nan	nan	nan	nan	
3.888e+06	1.56706e-14	1.58531e-09	nan	nan	1.56706e-14	1.58531e-14	nan	nan	1.56706e-14	1.58531e-09	3.30641e-10	1.58531e-09	nan	nan	nan	nan	
3.9744e+06	1.32672e-14	1.58531e-09	nan	nan	1.32672e-14	1.58531e-14	nan	nan	1.32672e-14	1.58531e-09	3.30611e-10	1.58531e-09	nan	nan	nan	nan	
4.0608e+06	5.92698e-15	1.58531e-09	nan	nan	5.92698e-15	1.58531e-14	nan	nan	5.92698e-15	1.58531e-09	3.30616e-10	1.58531e-09	nan	nan	nan	nan	
4.1472e+06	3.51441e-15	1.58531e-09	nan	nan	3.51441e-15	1.58531e-14	nan	nan	3.51441e-15	1.58531e-09	3.30638e-10	1.58531e-09	nan	nan	nan	nan	
4.2336e+06	3.30952e-15	1.58531e-09	nan	nan	3.30952e-15	1.58531e-14	nan	nan	3.30952e-15	1.58531e-09	3.3061e-10	1.58531e-09	nan	nan	nan	nan	
4.32e+06	3.32949e-15	1.58531e-09	nan	nan	3.32949e-15	1.58531e-14	nan	nan	3.32949e-15	1.58531e-09	3.30671e-10	1.58531e-09	nan	nan	nan	nan	
4.4064e+06	3.41102e-15	1.58531e-09	nan	nan	3.41102e-15	1.58531e-14	nan	nan	3.41102e-15	1.58531e-09	3.30805e-10	1.58531e-09	nan	nan	nan	nan	
4.4928e+06	3.52161e-15	1.58531e-09	nan	nan	3.52161e-15	1.58531e-14	nan	nan	3.52161e-15	1.58531e-09	3.30637e-10	1.58531e-09	nan	nan	nan	nan	
4.5792e+06	3.64153e-15	1.58531e-09	nan	nan	3.64153e-15	1.58531e-14	nan	nan	3.64153e-15	1.58531e-09	3.30613e-10	1.58531e-09	nan	nan	nan	nan	
4.6656e+06	3.76218e-15	1.58531e-09	nan	nan	3.76218e-15	1.58531e-14	nan	nan	3.76218e-15	1.58531e-09	3.30821e-10	1.58531e-09	nan	nan	nan	nan	
4.752e+06	3.72766e-15	1.58531e-09	nan	nan	3.72766e-15	1.58531e-14	nan	nan	3.72766e-15	1.58531e-09	3.30612e-10	1.58531e-09	nan	nan	nan	nan	
4.8384e+06	3.68119e-15	1.58531e-09	nan	nan	3.68119e-15	1.58531e-14	nan	nan	3.68119e-15	1.58531e-09	3.30714e-10	1.58531e-09	nan	nan	nan	nan	
4.9248e+06	3.64659e-15	1.58531e-09	nan	nan	3.64659e-15	1.58531e-14	nan	nan	3.64659e-15	1.58531e-09	3.3068e-10	1.58531e-09	nan	nan	nan	nan	
5.0112e+06	3.61806e-15	1.58531e-09	nan	nan	3.61806e-15	1.58531e-14	nan	nan	3.61806e-15	1.58531e-09	3.30614e-10	1.58531e-09	nan	nan	nan	nan	
5.0976e+06	3.59288e-15	1.58531e-09	nan	nan	3.59288e-15	1.58531e-14	nan	nan	3.59288e-15	1.58531e-09	3.30945e-10	1.58531e-09	nan	nan	nan	nan	
5.184e+06	3.56783e-15	1.58531e-09	nan	nan	3.56783e-15	1.58531e-14	nan	nan	3.56783e-15	1.58531e-09	3.30658e-10	1.58531e-09	nan	nan	nan	nan	
5.2704e+06	3.54644e-15	1.58531e-09	nan	nan	3.54644e-15	1.58531e-14	nan	nan	3.54644e-15	1.58531e-09	3.30664e-10	1.58531e-09	nan	nan	nan	nan	
5.3568e+06	3.52814e-15	1.58531e-09	nan	nan	3.52814e-15	1.58531e-14	nan	nan	3.52814e-15	1.58531e-09	3.30646e-10	1.58531e-09	nan	nan	nan	nan	
5.4432e+06	3.51202e-15	1.58531e-09	nan	nan	3.51202e-15	1.58531e-14	nan	nan	3.51202e-15	1.58531e-09	3.30701e-10	1.58531e-09	nan	nan	nan	nan	
5.5296e+06	3.49251e-15	1.58531e-09	nan	nan	3.49251e-15	1.58531e-14	nan	nan	3.49251e-15	1.58531e-09	3.30611e-10	1.58531e-09	nan	nan	nan	nan	
5.616e+06	3.47543e-15	1.58531e-09	nan	nan	3.47543e-15	1.58531e-14	nan	nan	3.47543e-15	1.58531e-09	3.30615e-10	1.58531e-09	nan	nan	nan	nan	
5.7024e+06	3.46034e-15	1.58531e-09	nan	nan	3.46034e-15	1.58531e-14	nan	nan	3.46034e-15	1.58531e-09	3.30609e-10	1.58531e-09	nan	nan	nan	nan	
5.7888e+06	3.44691e-15	1.58531e-09	nan	nan	3.44691e-15	1.58531e-14	nan	nan	3.44691e-15	1.58531e-09	3.30796e-10	1.58531e-09	nan	nan	nan	nan	
5.8752e+06	3.4349e-15	1.58531e-09	nan	nan	3.4349e-15	1.58531e-14	nan	nan	3.4349e-15	1.58531e-09	3.30687e-10	1.58531e-09	nan	nan	nan	nan	
5.9616e+06	3.4241e-15	1.58531e-09	nan	nan	3.4241e-15	1.58531e-14	nan	nan	3.4241e-15	1.58531e-09	3.30609e-10	1.58531e-09	nan	nan	nan	nan	
6.048e+06	3.41433e-15	1.58531e-09	nan	nan	3.41433e-15	1.58531e-14	nan	nan	3.41433e-15	1.58531e-09	3.30609e-10	1.58531e-09	nan	nan	nan	nan	
6.1344e+06	3.40547e-15	1.58531e-09	nan	nan	3.40547e-15	1.58531e-14	nan	nan	3.40547e-15	1.58531e-09	3.30665e-10	1.58531e-09	nan	nan	nan	nan	
6.2208e+06	3.3974e-15	1.58531e-09	nan	nan	3.3974e-15	1.58531e-14	nan	nan	3.3974e-15	1.58531e-09	3.30624e-10	1.58531e-09	nan	nan	nan	nan	
6.3072e+06	3.39002e-15	1.58531e-09	nan	nan	3.39002e-15	1.58531e-14	nan	nan	3.39002e-15	1.58531e-09	3.3061e-10	1.58531e-09	nan	nan	nan	nan	
6.3936e+06	3.38325e-15	1.58531e-09	nan	nan	3.38325e-15	1.58531e-14	nan	nan	3.38325e-15	1.58531e-09	3.3061e-10	1.58531e-09	nan	nan	nan	nan	
6.48e+06	3.37702e-15	1.58531e-09	nan	nan	3.37702e-15	1.58531e-14	nan	nan	3.37702e-15	1.58531e-09	3.30621e-10	1.58531e-09	nan	nan	nan	nan	
6.5664e+06	3.37127e-15	1.58531e-09	nan	nan	3.37127e-15	1.58531e-14	nan	nan	3.37127e-15	1.58531e-09	3.3069e-10	1.58531e-09	nan	nan	nan	nan	
6.6528e+06	3.36596e-15	1.58531e-09	nan	nan	3.36596e-15	1.58531e-14	nan	nan	3.36596e-15	1.58531e-09	3.30643e-10	1.58531e-09	nan	nan	nan	nan	
6.7392e+06	3.36103e-15	1.58531e-09	nan	nan	3.36103e-15	1.58531e-14	nan	nan	3.36103e-15	1.58531e-09	3.30664e-10	1.58531e-09	nan	nan	nan	nan	
6.8256e+06	3.35646e-15	1.58531e-09	nan	nan	3.35646e-15	1.58531e-14	nan	nan	3.35646e-15	1.58531e-09	3.30711e-10	1.58531e-09	nan	nan	nan	nan	
6.912e+06	3.35222e-15	1.58531e-09	nan	nan	3.35222e-15	1.58531e-14	nan	nan	3.35222e-15	1.58531e-09	3.30617e-10	1.58531e-09	nan	nan	nan	nan	
6.9984e+06	3.34827e-15	1.58531e-09	nan	nan	3.34827e-15	1.58531e-14	nan	nan	3.34827e-15	1.58531e-09	3.30673e-10	1.58531e-09	nan	nan	nan	nan	
7.0848e+06	3.34459e-15	1.58531e-09	nan	nan	3.34459e-15	1.58531e-14	nan	nan	3.34459e-15	1.58531e-09	3.30611e-10	1.58531e-09	nan	nan	nan	nan	
7.1712e+06	3.34111e-15	1.58531e-09	nan	nan	3.34111e-15	1.58531e-14	nan	nan	3.34111e-15	1.58531e-09	3.30772e-10	1.58531e-09	nan	nan	nan	nan	
7.2576e+06	3.3371e-15	1.58531e-09	nan	nan	3.3371e-15	1.58531e-14	nan	nan	3.3371e-15	1.58531e-09	3.3083e-10	1.58531e-09	nan	nan	nan	nan	
7.344e+06	3.33341e-15	1.58531e-09	nan	nan	3.33341e-15	1.58531e-14	nan	nan	3.33341e-15	1.58531e-09	3.30624e-10	1.58531e-09	nan	nan	nan	nan	
7.4304e+06	3.33004e-15	1.58531e-09	nan	nan	3.33004e-15	1.5853e-14	nan	nan	3.33004e-15	1.58531e-09	3.30813e-10	1.58531e-09	nan	nan	nan	nan	
7.5168e+06	3.32696e-15	1.58531e-09	nan	nan	3.32696e-15	1.5853e-14	nan	nan	3.32696e-15	1.58531e-09	3.31028e-10	1.58531e-09	nan	nan	nan	nan	
7.6032e+06	3.32415e-15	1.58531e-09	nan	nan	3.32415e-15	1.5853e-14	nan	nan	3.32415e-15	1.58531e-09	3.3061e-10	1.58531e-09	nan	nan	nan	nan	
7.6896e+06	3.3216e-15	1.58531e-09	nan	nan	3.3216e-15	1.5853e-14	nan	nan	3.3216e-15	1.58531e-09	3.30935e-10	1.58531e-09	nan	nan	nan	nan	
7.776e+06	3.31928e-15	1.58531e-09	nan	nan	3.31928e-15	1.5853e-14	nan	nan	3.31928e-15	1.58531e-09	3.30644e-10	1.58531e-09	nan	nan	nan	nan	
7.8624e+06	3.3172e-15	1.58531e-09	nan	nan	3.3172e-15	1.5853e-14	nan	nan	3.3172e-15	1.58531e-09	3.30652e-10	1.58531e-09	nan	nan	nan	nan	
7.9488e+06	3.31532e-15	1.58531e-09	nan	nan	3.31532e-15	1.5853e-14	nan	nan	3.31532e-15	1.58531e-09	3.30646e-10	1.58531e-09	nan	nan	nan	nan	
8.0352e+06	3.31365e-15	1.58531e-09	nan	nan	3.31365e-15	1.5853e-14	nan	nan	3.31365e-15	1.58531e-09	3.30616e-10	1.58531e-09	nan	nan	nan	nan	
8.1216e+06	3.31218e-15	1.58531e-09	nan	nan	3.31218e-15	1.5853e-14	nan	nan	3.31218e-15	1.58531e-09	3.30609e-10	1.58531e-09	nan	nan	nan	nan	
8.208e+06	3.31088e-15	1.58531e-09	nan	nan	3.31088e-15	1.5853e-14	nan	nan	3.31088e-15	1.58531e-09	3.30819e-10	1.58531e-09	nan	nan	nan	nan	
8.2944e+06	3.30975e-15	1.58531e-09	nan	nan	3.30975e-15	1.5853e-14	nan	nan	3.30975e-15	1.58531e-09	3.30652e-10	1.58531e-09	nan	nan	nan	nan	
8.3808e+06	3.30879e-15	1.58531e-09	nan	nan	3.30879e-15	1.5853e-14	nan	nan	3.30879e-15	1.58531e-09	3.30611e-10	1.58531e-09	nan	nan	nan	nan	
8.4672e+06	3.30799e-15	1.58531e-09	nan	nan	3.30799e-15	1.5853e-14	nan	nan	3.30799e-15	1.58531e-09	3.30614e-10	1.58531e-09	nan	nan	nan	nan	
8.5536e+06	3.30728e-15	1.58531e-09	nan	nan	3.30728e-15	1.5853e-14	nan	nan	3.30728e-15	1.58531e-09	3.30631e-10	1.58531e-09	nan	nan	nan	nan	
8.64e+06	3.30662e-15	1.58531e-09	nan	nan	3.30662e-15	1.5853e-14	nan	nan	3.30662e-15	1.58531e-09	3.30886e-10	1.58531e-09	nan	nan	nan	nan	


velocity
 time		All Elements		BOTTOM		FAULT		LEFT		Model		RESERVOIR		RIGHT		TOP		
0	4.49505e-10	5.81039e-05	nan	nan	4.49505e-10	1.3265e-09	nan	nan	4.49505e-10	5.81039e-05	7.39087e-07	5.81039e-05	nan	nan	nan	nan	
86400	4.40665e-10	5.69662e-05	nan	nan	4.40665e-10	1.30046e-09	nan	nan	4.40665e-10	5.69662e-05	7.25862e-07	5.69662e-05	nan	nan	nan	nan	
172800	4.30964e-10	5.56901e-05	nan	nan	4.30964e-10	1.27161e-09	nan	nan	4.30964e-10	5.56901e-05	7.04024e-07	5.56901e-05	nan	nan	nan	nan	
259200	4.2348e-10	5.47349e-05	nan	nan	4.2348e-10	1.24964e-09	nan	nan	4.2348e-10	5.47349e-05	6.94926e-07	5.47349e-05	nan	nan	nan	nan	
345600	4.14916e-10	5.36303e-05	nan	nan	4.14916e-10	1.2244e-09	nan	nan	4.14916e-10	5.36303e-05	6.81561e-07	5.36303e-05	nan	nan	nan	nan	
432000	4.09305e-10	5.28927e-05	nan	nan	4.09305e-10	1.20771e-09	nan	nan	4.09305e-10	5.28927e-05	6.68984e-07	5.28927e-05	nan	nan	nan	nan	
518400	4.02852e-10	5.20645e-05	nan	nan	4.02852e-10	1.18875e-09	nan	nan	4.02852e-10	5.20645e-05	6.60126e-07	5.20645e-05	nan	nan	nan	nan	
604800	3.96087e-10	5.11778e-05	nan	nan	3.96087e-10	1.16864e-09	nan	nan	3.96087e-10	5.11778e-05	6.45588e-07	5.11778e-05	nan	nan	nan	nan	
691200	3.90034e-10	5.03983e-05	nan	nan	3.90034e-10	1.15083e-09	nan	nan	3.90034e-10	5.03983e-05	6.36573e-07	5.03983e-05	nan	nan	nan	nan	
777600	3.8433e-10	4.96616e-05	nan	nan	3.8433e-10	1.13398e-09	nan	nan	3.8433e-10	4.96616e-05	6.27159e-07	4.96616e-05	nan	nan	nan	nan	
864000	3.79147e-10	4.89805e-05	nan	nan	3.79147e-10	1.11859e-09	nan	nan	3.79147e-10	4.89805e-05	6.1587e-07	4.89805e-05	nan	nan	nan	nan	
950400	3.73402e-10	4.824e-05	nan	nan	3.73402e-10	1.10163e-09	nan	nan	3.73402e-10	4.824e-05	6.06782e-07	4.824e-05	nan	nan	nan	nan	
1.0368e+06	3.6923e-10	4.76925e-05	nan	nan	3.6923e-10	1.08925e-09	nan	nan	3.6923e-10	4.76925e-05	5.97954e-07	4.76925e-05	nan	nan	nan	nan	
1.1232e+06	3.64971e-10	4.71485e-05	nan	nan	3.64971e-10	1.07672e-09	nan	nan	3.64971e-10	4.71485e-05	5.92316e-07	4.71485e-05	nan	nan	nan	nan	
1.2096e+06	3.60499e-10	4.65445e-05	nan	nan	3.60499e-10	1.06329e-09	nan	nan	3.60499e-10	4.65445e-05	5.78583e-07	4.65445e-05	nan	nan	nan	nan	
1.296e+06	3.56413e-10	4.60593e-05	nan	nan	3.56413e-10	1.05169e-09	nan	nan	3.56413e-10	4.60593e-05	5.83233e-07	4.60593e-05	nan	nan	nan	nan	
1.3824e+06	3.52306e-10	4.54673e-05	nan	nan	3.52306e-10	1.03892e-09	nan	nan	3.52306e-10	4.54673e-05	5.60414e-07	4.54673e-05	nan	nan	nan	nan	
1.4688e+06	3.48272e-10	4.49944e-05	nan	nan	3.48272e-10	1.02751e-09	nan	nan	3.48272e-10	4.49944e-05	5.66267e-07	4.49944e-05	nan	nan	nan	nan	
1.5552e+06	3.44325e-10	4.44098e-05	nan	nan	3.44325e-10	1.01511e-09	nan	nan	3.44325e-10	4.44098e-05	5.40835e-07	4.44098e-05	nan	nan	nan	nan	
1.6416e+06	3.40185e-10	4.39115e-05	nan	nan	3.40185e-10	1.00317e-09	nan	nan	3.40185e-10	4.39115e-05	5.42143e-07	4.39115e-05	nan	nan	nan	nan	
1.728e+06	3.36681e-10	4.33977e-05	nan	nan	3.36681e-10	9.92315e-10	nan	nan	3.36681e-10	4.33977e-05	5.22321e-07	4.33977e-05	nan	nan	nan	nan	
1.8144e+06	3.32924e-10	4.29656e-05	nan	nan	3.32924e-10	9.81622e-10	nan	nan	3.32924e-10	4.29656e-05	5.2777e-07	4.29656e-05	nan	nan	nan	nan	
1.9008e+06	3.29551e-10	4.24982e-05	nan	nan	3.29551e-10	9.71455e-10	nan	nan	3.29551e-10	4.24982e-05	5.15452e-07	4.24982e-05	nan	nan	nan	nan	
1.9872e+06	3.26851e-10	4.21718e-05	nan	nan	3.26851e-10	9.63648e-10	nan	nan	3.26851e-10	4.21718e-05	5.15917e-07	4.21718e-05	nan	nan	nan	nan	
2.0736e+06	3.23234e-10	4.17143e-05	nan	nan	3.23234e-10	9.53026e-10	nan	nan	3.23234e-10	4.17143e-05	5.12344e-07	4.17143e-05	nan	nan	nan	nan	
2.16e+06	3.20979e-10	4.14139e-05	nan	nan	3.20979e-10	9.46214e-10	nan	nan	3.20979e-10	4.14139e-05	5.0629e-07	4.14139e-05	nan	nan	nan	nan	
2.2464e+06	3.17096e-10	4.09346e-05	nan	nan	3.17096e-10	9.34993e-10	nan	nan	3.17096e-10	4.09346e-05	5.06397e-07	4.09346e-05	nan	nan	nan	nan	
2.3328e+06	3.14948e-10	4.06268e-05	nan	nan	3.14948e-10	9.28484e-10	nan	nan	3.14948e-10	4.06268e-05	4.96511e-07	4.06268e-05	nan	nan	nan	nan	
2.4192e+06	3.11338e-10	4.01868e-05	nan	nan	3.11338e-10	9.18095e-10	nan	nan	3.11338e-10	4.01868e-05	4.97875e-07	4.01868e-05	nan	nan	nan	nan	
2.5056e+06	3.08889e-10	3.98427e-05	nan	nan	3.08889e-10	9.11091e-10	nan	nan	3.08889e-10	3.98427e-05	4.90841e-07	3.98427e-05	nan	nan	nan	nan	
2.592e+06	3.0583e-10	3.94186e-05	nan	nan	3.0583e-10	9.02201e-10	nan	nan	3.0583e-10	3.94186e-05	4.80231e-07	3.94186e-05	nan	nan	nan	nan	
2.6784e+06	3.03583e-10	3.91197e-05	nan	nan	3.03583e-10	8.96256e-10	nan	nan	3.03583e-10	3.91197e-05	4.79089e-07	3.91197e-05	nan	nan	nan	nan	
2.7648e+06	3.01223e-10	3.87147e-05	nan	nan	3.01223e-10	8.8998e-10	nan	nan	3.01223e-10	3.87147e-05	4.61501e-07	3.87147e-05	nan	nan	nan	nan	
2.8512e+06	2.99057e-10	3.84661e-05	nan	nan	2.99057e-10	8.85262e-10	nan	nan	2.99057e-10	3.84661e-05	4.74618e-07	3.84661e-05	nan	nan	nan	nan	
2.9376e+06	2.9714e-10	3.81299e-05	nan	nan	2.9714e-10	8.81753e-10	nan	nan	2.9714e-10	3.81299e-05	4.62279e-07	3.81299e-05	nan	nan	nan	nan	
3.024e+06	2.95153e-10	3.78877e-05	nan	nan	2.95153e-10	8.78412e-10	nan	nan	2.95153e-10	3.78877e-05	4.85456e-07	3.78877e-05	nan	nan	nan	nan	
3.1104e+06	2.93297e-10	3.7577e-05	nan	nan	2.93297e-10	8.78524e-10	nan	nan	2.93297e-10	3.7577e-05	4.89234e-07	3.7577e-05	nan	nan	nan	nan	
3.1968e+06	2.92058e-10	3.73967e-05	nan	nan	2.92058e-10	8.78183e-10	nan	nan	2.92058e-10	3.73967e-05	5.12772e-07	3.73967e-05	nan	nan	nan	nan	
3.2832e+06	2.90501e-10	3.71655e-05	nan	nan	2.90501e-10	8.85598e-10	nan	nan	2.90501e-10	3.71655e-05	5.18211e-07	3.71655e-05	nan	nan	nan	nan	
3.3696e+06	2.89747e-10	3.73075e-05	nan	nan	2.89747e-10	8.92118e-10	nan	nan	2.89747e-10	3.73075e-05	5.36985e-07	3.73075e-05	nan	nan	nan	nan	
3.456e+06	2.89117e-10	3.7833e-05	nan	nan	2.89117e-10	9.11099e-10	nan	nan	2.89117e-10	3.7833e-05	5.50068e-07	3.7833e-05	nan	nan	nan	nan	
3.5424e+06	2.89266e-10	3.83769e-05	nan	nan	2.89266e-10	9.33083e-10	nan	nan	2.89266e-10	3.83769e-05	5.41676e-07	3.83769e-05	nan	nan	nan	nan	
3.6288e+06	2.91108e-10	3.98133e-05	nan	nan	2.91108e-10	9.74346e-10	nan	nan	2.91108e-10	3.98133e-05	5.08869e-07	3.98133e-05	nan	nan	nan	nan	
3.7152e+06	2.94879e-10	4.14529e-05	nan	nan	2.94879e-10	1.02496e-09	nan	nan	2.94879e-10	4.14529e-05	5.05218e-07	4.14529e-05	nan	nan	nan	nan	
3.8016e+06	3.05793e-10	4.62288e-05	nan	nan	3.05793e-10	1.10699e-09	nan	nan	3.05793e-10	4.62288e-05	4.64693e-07	4.62288e-05	nan	nan	nan	nan	
3.888e+06	3.25031e-10	5.03019e-05	nan	nan	3.25031e-10	1.2121e-09	nan	nan	3.25031e-10	5.03019e-05	4.87156e-07	5.03019e-05	nan	nan	nan	nan	
3.9744e+06	3.7041e-10	5.21815e-05	nan	nan	3.7041e-10	1.38148e-09	nan	nan	3.7041e-10	5.21815e-05	4.63236e-07	5.21815e-05	nan	nan	nan	nan	
4.0608e+06	3.61023e-10	5.15196e-05	nan	nan	3.61023e-10	1.57874e-09	nan	nan	3.61023e-10	5.15196e-05	5.17572e-07	5.15196e-05	nan	nan	nan	nan	
4.1472e+06	3.62956e-10	3.60816e-05	nan	nan	3.62956e-10	1.73165e-09	nan	nan	3.62956e-10	3.60816e-05	5.16004e-07	3.60816e-05	nan	nan	nan	nan	
4.2336e+06	3.00918e-10	3.53895e-05	nan	nan	3.00918e-10	1.84736e-09	nan	nan	3.00918e-10	3.53895e-05	5.13881e-07	3.53895e-05	nan	nan	nan	nan	
4.32e+06	2.53809e-10	2.95342e-05	nan	nan	2.53809e-10	1.96102e-09	nan	nan	2.53809e-10	2.95342e-05	4.13066e-07	2.95342e-05	nan	nan	nan	nan	
4.4064e+06	2.32186e-10	2.64725e-05	nan	nan	2.32186e-10	2.1369e-09	nan	nan	2.32186e-10	2.64725e-05	3.49644e-07	2.64725e-05	nan	nan	nan	nan	
4.4928e+06	2.25146e-10	2.77032e-05	nan	nan	2.25146e-10	2.30273e-09	nan	nan	2.25146e-10	2.77032e-05	2.96799e-07	2.77032e-05	nan	nan	nan	nan	
4.5792e+06	2.19334e-10	2.60136e-05	nan	nan	2.19334e-10	2.42001e-09	nan	nan	2.19334e-10	2.60136e-05	2.56251e-07	2.60136e-05	nan	nan	nan	nan	
4.6656e+06	2.07437e-10	2.62984e-05	nan	nan	2.07437e-10	2.38055e-09	nan	nan	2.07437e-10	2.62984e-05	2.42469e-07	2.62984e-05	nan	nan	nan	nan	
4.752e+06	1.95406e-10	2.62997e-05	nan	nan	1.95406e-10	2.43786e-09	nan	nan	1.95406e-10	2.62997e-05	2.32893e-07	2.62997e-05	nan	nan	nan	nan	
4.8384e+06	1.86033e-10	2.6596e-05	nan	nan	1.86033e-10	2.46345e-09	nan	nan	1.86033e-10	2.6596e-05	2.2891e-07	2.6596e-05	nan	nan	nan	nan	
4.9248e+06	1.79915e-10	2.64893e-05	nan	nan	1.79915e-10	2.46504e-09	nan	nan	1.79915e-10	2.64893e-05	2.35729e-07	2.64893e-05	nan	nan	nan	nan	
5.0112e+06	1.74379e-10	2.65086e-05	nan	nan	1.74379e-10	2.44882e-09	nan	nan	1.74379e-10	2.65086e-05	2.40444e-07	2.65086e-05	nan	nan	nan	nan	
5.0976e+06	1.67938e-10	2.66549e-05	nan	nan	1.67938e-10	2.40596e-09	nan	nan	1.67938e-10	2.66549e-05	2.56988e-07	2.66549e-05	nan	nan	nan	nan	
5.184e+06	1.63842e-10	2.67366e-05	nan	nan	1.63842e-10	2.36032e-09	nan	nan	1.63842e-10	2.67366e-05	2.55087e-07	2.67366e-05	nan	nan	nan	nan	
5.2704e+06	1.60498e-10	2.67634e-05	nan	nan	1.60498e-10	2.30907e-09	nan	nan	1.60498e-10	2.67634e-05	2.59588e-07	2.67634e-05	nan	nan	nan	nan	
5.3568e+06	1.57367e-10	2.68466e-05	nan	nan	1.57367e-10	2.2553e-09	nan	nan	1.57367e-10	2.68466e-05	2.62825e-07	2.68466e-05	nan	nan	nan	nan	
5.4432e+06	1.545e-10	2.68455e-05	nan	nan	1.545e-10	2.1999e-09	nan	nan	1.545e-10	2.68455e-05	2.62175e-07	2.68455e-05	nan	nan	nan	nan	
5.5296e+06	1.52229e-10	2.6842e-05	nan	nan	1.52229e-10	2.13872e-09	nan	nan	1.52229e-10	2.6842e-05	2.67932e-07	2.6842e-05	nan	nan	nan	nan	
5.616e+06	1.50041e-10	2.6812e-05	nan	nan	1.50041e-10	2.06993e-09	nan	nan	1.50041e-10	2.6812e-05	2.70709e-07	2.6812e-05	nan	nan	nan	nan	
5.7024e+06	1.4799e-10	2.67707e-05	nan	nan	1.4799e-10	1.99403e-09	nan	nan	1.4799e-10	2.67707e-05	2.72342e-07	2.67707e-05	nan	nan	nan	nan	
5.7888e+06	1.45952e-10	2.66863e-05	nan	nan	1.45952e-10	1.91318e-09	nan	nan	1.45952e-10	2.66863e-05	2.76325e-07	2.66863e-05	nan	nan	nan	nan	
5.8752e+06	1.43748e-10	2.65343e-05	nan	nan	1.43748e-10	1.85291e-09	nan	nan	1.43748e-10	2.65343e-05	2.77411e-07	2.65343e-05	nan	nan	nan	nan	
5.9616e+06	1.41732e-10	2.63873e-05	nan	nan	1.41732e-10	1.79759e-09	nan	nan	1.41732e-10	2.63873e-05	2.80207e-07	2.63873e-05	nan	nan	nan	nan	
6.048e+06	1.39705e-10	2.62109e-05	nan	nan	1.39705e-10	1.90777e-09	nan	nan	1.39705e-10	2.62109e-05	2.82165e-07	2.62109e-05	nan	nan	nan	nan	
6.1344e+06	1.37626e-10	2.59969e-05	nan	nan	1.37626e-10	1.98363e-09	nan	nan	1.37626e-10	2.59969e-05	2.82696e-07	2.59969e-05	nan	nan	nan	nan	
6.2208e+06	1.35839e-10	2.5825e-05	nan	nan	1.35839e-10	2.00844e-09	nan	nan	1.35839e-10	2.5825e-05	2.838e-07	2.5825e-05	nan	nan	nan	nan	
6.3072e+06	1.34163e-10	2.56563e-05	nan	nan	1.34163e-10	1.99366e-09	nan	nan	1.34163e-10	2.56563e-05	2.84648e-07	2.56563e-05	nan	nan	nan	nan	
6.3936e+06	1.32457e-10	2.54654e-05	nan	nan	1.32457e-10	1.9499e-09	nan	nan	1.32457e-10	2.54654e-05	2.85589e-07	2.54654e-05	nan	nan	nan	nan	
6.48e+06	1.31046e-10	2.53264e-05	nan	nan	1.31046e-10	1.89239e-09	nan	nan	1.31046e-10	2.53264e-05	2.84772e-07	2.53264e-05	nan	nan	nan	nan	
6.5664e+06	1.29739e-10	2.51956e-05	nan	nan	1.29739e-10	1.82397e-09	nan	nan	1.29739e-10	2.51956e-05	2.84208e-07	2.51956e-05	nan	nan	nan	nan	
6.6528e+06	1.28429e-10	2.50551e-05	nan	nan	1.28429e-10	1.7495e-09	nan	nan	1.28429e-10	2.50551e-05	2.85275e-07	2.50551e-05	nan	nan	nan	nan	
6.7392e+06	1.27133e-10	2.49115e-05	nan	nan	1.27133e-10	1.67561e-09	nan	nan	1.27133e-10	2.49115e-05	2.82469e-07	2.49115e-05	nan	nan	nan	nan	
6.8256e+06	1.2614e-10	2.48189e-05	nan	nan	1.2614e-10	1.60958e-09	nan	nan	1.2614e-10	2.48189e-05	2.73108e-07	2.48189e-05	nan	nan	nan	nan	
6.912e+06	1.25066e-10	2.47044e-05	nan	nan	1.25066e-10	1.54823e-09	nan	nan	1.25066e-10	2.47044e-05	2.72251e-07	2.47044e-05	nan	nan	nan	nan	
6.9984e+06	1.24029e-10	2.45922e-05	nan	nan	1.24029e-10	1.49474e-09	nan	nan	1.24029e-10	2.45922e-05	2.64274e-07	2.45922e-05	nan	nan	nan	nan	
7.0848e+06	1.23155e-10	2.45053e-05	nan	nan	1.23155e-10	1.4491e-09	nan	nan	1.23155e-10	2.45053e-05	2.6913e-07	2.45053e-05	nan	nan	nan	nan	
7.1712e+06	1.22152e-10	2.4389e-05	nan	nan	1.22152e-10	1.40754e-09	nan	nan	1.22152e-10	2.4389e-05	2.73388e-07	2.4389e-05	nan	nan	nan	nan	
7.2576e+06	1.21261e-10	2.42893e-05	nan	nan	1.21261e-10	1.37197e-09	nan	nan	1.21261e-10	2.42893e-05	2.71606e-07	2.42893e-05	nan	nan	nan	nan	
7.344e+06	1.20472e-10	2.42059e-05	nan	nan	1.20472e-10	1.34117e-09	nan	nan	1.20472e-10	2.42059e-05	2.75335e-07	2.42059e-05	nan	nan	nan	nan	
7.4304e+06	1.19576e-10	2.40969e-05	nan	nan	1.19576e-10	1.3121e-09	nan	nan	1.19576e-10	2.40969e-05	2.79851e-07	2.40969e-05	nan	nan	nan	nan	
7.5168e+06	1.18909e-10	2.40302e-05	nan	nan	1.18909e-10	1.2882e-09	nan	nan	1.18909e-10	2.40302e-05	2.80145e-07	2.40302e-05	nan	nan	nan	nan	
7.6032e+06	1.18006e-10	2.39117e-05	nan	nan	1.18006e-10	1.2635e-09	nan	nan	1.18006e-10	2.39117e-05	2.79672e-07	2.39117e-05	nan	nan	nan	nan	
7.6896e+06	1.17303e-10	2.38307e-05	nan	nan	1.17303e-10	1.24274e-09	nan	nan	1.17303e-10	2.38307e-05	2.79258e-07	2.38307e-05	nan	nan	nan	nan	
7.776e+06	1.16555e-10	2.37371e-05	nan	nan	1.16555e-10	1.22292e-09	nan	nan	1.16555e-10	2.37371e-05	2.78284e-07	2.37371e-05	nan	nan	nan	nan	
7.8624e+06	1.15847e-10	2.36487e-05	nan	nan	1.15847e-10	1.20468e-09	nan	nan	1.15847e-10	2.36487e-05	2.77416e-07	2.36487e-05	nan	nan	nan	nan	
7.9488e+06	1.15209e-10	2.35718e-05	nan	nan	1.15209e-10	1.18808e-09	nan	nan	1.15209e-10	2.35718e-05	2.77309e-07	2.35718e-05	nan	nan	nan	nan	
8.0352e+06	1.14446e-10	2.34667e-05	nan	nan	1.14446e-10	1.17105e-09	nan	nan	1.14446e-10	2.34667e-05	2.7654e-07	2.34667e-05	nan	nan	nan	nan	
8.1216e+06	1.1385e-10	2.33933e-05	nan	nan	1.1385e-10	1.15655e-09	nan	nan	1.1385e-10	2.33933e-05	2.7571e-07	2.33933e-05	nan	nan	nan	nan	
8.208e+06	1.13146e-10	2.32951e-05	nan	nan	1.13146e-10	1.14145e-09	nan	nan	1.13146e-10	2.32951e-05	2.754e-07	2.32951e-05	nan	nan	nan	nan	
8.2944e+06	1.12508e-10	2.32085e-05	nan	nan	1.12508e-10	1.12768e-09	nan	nan	1.12508e-10	2.32085e-05	2.74545e-07	2.32085e-05	nan	nan	nan	nan	
8.3808e+06	1.11937e-10	2.31336e-05	nan	nan	1.11937e-10	1.11507e-09	nan	nan	1.11937e-10	2.31336e-05	2.73867e-07	2.31336e-05	nan	nan	nan	nan	
8.4672e+06	1.11261e-10	2.30403e-05	nan	nan	1.11261e-10	1.10201e-09	nan	nan	1.11261e-10	2.30403e-05	2.73615e-07	2.30403e-05	nan	nan	nan	nan	
8.5536e+06	1.10618e-10	2.29467e-05	nan	nan	1.10618e-10	1.08956e-09	nan	nan	1.10618e-10	2.29467e-05	2.72246e-07	2.29467e-05	nan	nan	nan	nan	
8.64e+06	1.09986e-10	2.2858e-05	nan	nan	1.09986e-10	1.0776e-09	nan	nan	1.09986e-10	2.2858e-05	2.71104e-07	2.2858e-05	nan	nan	nan	nan	

